,CSF,WM,GM
113.0,1.0,0.0,0.0
119.0,1.0,0.0,0.0
122.0,1.0,0.0,0.0
123.0,1.0,0.0,0.0
125.0,1.0,0.0,0.0
126.0,1.0,0.0,0.0
127.0,1.0,0.0,0.0
128.0,1.0,0.0,0.0
129.0,1.0,0.0,0.0
130.0,1.0,0.0,0.0
131.0,1.0,0.0,0.0
132.0,1.0,0.0,0.0
133.0,1.0,0.0,0.0
134.0,1.0,0.0,0.0
135.0,1.0,0.0,0.0
136.0,1.0,0.0,0.0
137.0,1.0,0.0,0.0
138.0,1.0,0.0,0.0
139.0,1.0,0.0,0.0
140.0,1.0,0.0,0.0
141.0,1.0,0.0,0.0
142.0,1.0,0.0,0.0
143.0,1.0,0.0,0.0
144.0,1.0,0.0,0.0
145.0,1.0,0.0,0.0
146.0,1.0,0.0,0.0
147.0,1.0,0.0,0.0
148.0,1.0,0.0,0.0
149.0,1.0,0.0,0.0
150.0,1.0,0.0,0.0
151.0,0.9993531972771389,0.0006468027228610716,0.0
152.0,0.9991839348060344,0.0008160651939655337,0.0
153.0,1.0,0.0,0.0
154.0,0.9995170962465639,0.0004829037534361075,0.0
155.0,1.0,0.0,0.0
156.0,1.0,0.0,0.0
157.0,1.0,0.0,0.0
158.0,1.0,0.0,0.0
159.0,1.0,0.0,0.0
160.0,0.9996795164677459,0.0003204835322540811,0.0
161.0,0.9994558085054438,0.000544191494556209,0.0
162.0,0.9992382977123838,0.0007617022876161706,0.0
163.0,0.9997933997321794,0.00020660026782059533,0.0
164.0,1.0,0.0,0.0
165.0,0.9997856538827848,0.0002143461172151718,0.0
166.0,0.9998267838907775,0.0001732161092224476,0.0
167.0,0.999835110215184,0.00016488978481593456,0.0
168.0,0.9994037864407282,0.0005962135592717868,0.0
169.0,0.9998389802441583,0.00016101975584168472,0.0
170.0,0.9998710589910417,0.0001289410089583354,0.0
171.0,0.9994684573945971,0.0005315426054029216,0.0
172.0,0.9995473636336896,0.0004526363663104257,0.0
173.0,0.999636498985858,0.00036350101414197314,0.0
174.0,0.9995428393393019,0.0004571606606981271,0.0
175.0,0.999672374271137,0.00032762572886307044,0.0
176.0,0.9998023288141203,0.00019767118587964494,0.0
177.0,0.9996553677428748,0.0003446322571252611,0.0
178.0,0.9998412162745545,0.00015878372544550444,0.0
179.0,0.999834712956074,0.00016528704392598475,0.0
180.0,0.999467081075073,0.0005329189249269866,0.0
181.0,0.9999265520086831,7.344799131690919e-05,0.0
182.0,0.999769833314995,0.0002301666850049652,0.0
183.0,0.9995330603137441,0.0004669396862558493,0.0
184.0,0.9998695883728642,0.00013041162713572953,0.0
185.0,0.9998752783522963,0.00012472164770375657,0.0
186.0,0.9999345410572689,6.545894273126806e-05,0.0
187.0,0.9997286912596451,0.0002713087403549479,0.0
188.0,0.9997412495292635,0.0002219667026784151,3.6783768058113444e-05
189.0,0.9998457386514569,0.0001542613485432197,0.0
190.0,0.9998424318848623,0.00015756811513774663,0.0
191.0,0.9996676123139948,0.0003323876860051489,0.0
192.0,0.9997859882045393,0.0002140117954606979,0.0
193.0,0.9998493518428913,0.00015064815710883378,0.0
194.0,0.999658553155098,0.0003414468449020255,0.0
195.0,0.99969874906868,0.00030125093132003685,0.0
196.0,0.9998081334273331,0.00019186657266688885,0.0
197.0,0.9995316029492692,0.0004683970507307405,0.0
198.0,0.9998056880114461,0.0001943119885538925,0.0
199.0,0.9997313823726366,0.00026861762736338045,0.0
200.0,0.9996698861818787,0.00030155760457605533,2.8556213545381792e-05
201.0,0.9996920697280715,0.0002772951635765819,3.063510835201049e-05
202.0,0.9997378822416052,0.00026211775839478477,0.0
203.0,0.9997544560244678,0.000245543975532265,0.0
204.0,0.9996658585194031,0.00033414148059686275,0.0
205.0,0.999872811983256,0.00012718801674414698,0.0
206.0,0.9997834892392599,0.00021651076074016447,0.0
207.0,0.9997021741858442,0.0002978258141558747,0.0
208.0,0.9997661724284954,0.00023382757150454652,0.0
209.0,0.9996339127371673,0.0003660872628327252,0.0
210.0,0.9995450441772888,0.0004549558227111857,0.0
211.0,0.999794390417018,0.00020560958298210285,0.0
212.0,0.9996120208030278,0.00036136393909807444,2.6615257874176035e-05
213.0,0.9995823580371299,0.0004176419628701202,0.0
214.0,0.9994515503242614,0.0004938859748830122,5.456370085553554e-05
215.0,0.9994994808432479,0.0005005191567520435,0.0
216.0,0.9994980890016912,0.0004756371952862136,2.6273803022560344e-05
217.0,0.9996063234531474,0.00039367654685264854,0.0
218.0,0.9997299138165331,0.00024321607601351762,2.6870107453450653e-05
219.0,0.9995541822398427,0.0004458177601573669,0.0
220.0,0.9994719194094009,0.0005280805905991484,0.0
221.0,0.999611231342575,0.00038876865742492657,0.0
222.0,0.9996517507412646,0.0003216017398445837,2.6647518890857664e-05
223.0,0.9996099050046886,0.00039009499531133385,0.0
224.0,0.9992420378841093,0.000757962115890674,0.0
225.0,0.999441245745513,0.0005587542544870558,0.0
226.0,0.9994268093608433,0.0005472781889400441,2.59124502167216e-05
227.0,0.9994870054718473,0.0005129945281526269,0.0
228.0,0.9995843821262616,0.00041561787373845704,0.0
229.0,0.9994800256534844,0.0004904211229974324,2.955322351826751e-05
230.0,0.9994315444898496,0.0005408762304070467,2.757927974347373e-05
231.0,0.9993885284857813,0.0005818052630440796,2.9666251174769582e-05
232.0,0.9994035306975161,0.000511675684857269,8.479361762666934e-05
233.0,0.9994256708832402,0.0005743291167598676,0.0
234.0,0.9994118189059917,0.0005881810940082935,0.0
235.0,0.9995118998183296,0.00045775685236691075,3.0343329303533268e-05
236.0,0.9994880109255766,0.00048288970123957446,2.9099373183967195e-05
237.0,0.9996409380669459,0.0003590619330540915,0.0
238.0,0.9995966012502029,0.0004033987497970512,0.0
239.0,0.999363620236347,0.0006055050598082763,3.0874703844858925e-05
240.0,0.9994369306768709,0.0005335940326219143,2.947529050726486e-05
241.0,0.9996978765966027,0.00023880478937155666,6.331861402571839e-05
242.0,0.9990649207192823,0.0009350792807176085,0.0
243.0,0.9996711778583579,0.0003288221416421362,0.0
244.0,0.9992209997823528,0.0007790002176472691,0.0
245.0,0.9993775727012313,0.0006224272987687321,0.0
246.0,0.9993023310828582,0.0006976689171418544,0.0
247.0,0.9993458558933419,0.0006224075450664285,3.1736561591766575e-05
248.0,0.9993690597220216,0.0006309402779783401,0.0
249.0,0.9993099790538541,0.0006213727216047981,6.864822454102928e-05
250.0,0.9994995514278002,0.0004661179485329626,3.4330623666961294e-05
251.0,0.9991462489744053,0.0007538147819558359,9.993624363889683e-05
252.0,0.9993338737533545,0.0006661262466455552,0.0
253.0,0.9989600436553798,0.0010009278129987677,3.9028531621544326e-05
254.0,0.9994468669269432,0.00048211533895043616,7.101773410644127e-05
255.0,0.9991813379999441,0.0008186620000559848,0.0
256.0,0.9990075507823222,0.0009924492176779365,0.0
257.0,0.9985349718938887,0.001427186539420038,3.784156669137622e-05
258.0,0.9990533209496607,0.0008698034957999638,7.687555453935726e-05
259.0,0.9987424935842882,0.0011793320312182029,7.817438449348581e-05
260.0,0.9992516448873215,0.0007091805680127863,3.9174544665673425e-05
261.0,0.9991501352971699,0.0008086325290453971,4.1232173784808844e-05
262.0,0.9991695823823146,0.0007478017269647224,8.26158907205677e-05
263.0,0.9987477609109892,0.0010914618963371217,0.00016077719267370294
264.0,0.9990991388646691,0.0008174931786861696,8.336795664472113e-05
265.0,0.9988361931664338,0.0011201303157582787,4.367651780785937e-05
266.0,0.998617043852834,0.0013008338824725965,8.212226469340409e-05
267.0,0.9992397045943965,0.0007602954056034785,0.0
268.0,0.9989770852942297,0.0010229147057703382,0.0
269.0,0.9987674042489346,0.0010963344003432783,0.000136261350721996
270.0,0.9986504519764068,0.001208214626310568,0.00014133339728256435
271.0,0.9990030257195808,0.0009519036797430516,4.5070600676099986e-05
272.0,0.998765642475968,0.0011905154679302048,4.38420561017271e-05
273.0,0.9989344366828884,0.0009790337051270403,8.652961198453478e-05
274.0,0.9985146750640921,0.0013445946972690452,0.00014073023863878776
275.0,0.9986079992870286,0.0011002670873169213,0.00029173362565449216
276.0,0.9987213459325684,0.001186152324723873,9.250174270761519e-05
277.0,0.9986520871913226,0.001213812790889988,0.000134100017787369
278.0,0.9978244848326748,0.0021755151673251223,0.0
279.0,0.9989605313384263,0.0008513558955877418,0.00018811276598591222
280.0,0.9983522156573652,0.001549936133766591,9.784820886823167e-05
281.0,0.9988877239469847,0.0007597467251665897,0.00035252932784877
282.0,0.9985973325309503,0.0014026674690496323,0.0
283.0,0.9986152719078996,0.00123164877144787,0.00015307932065255353
284.0,0.9980990408070249,0.001704465446621573,0.00019649374635353844
285.0,0.998267741766584,0.001681591127012444,5.066710640356564e-05
286.0,0.9974573354186845,0.0023794959737982327,0.0001631686075171206
287.0,0.9984446363741467,0.0015054671732312205,4.9896452621968834e-05
288.0,0.9984117479041905,0.0015347093172323526,5.35427785770559e-05
289.0,0.998488680651569,0.0013609624780143938,0.00015035687041644718
290.0,0.9987511954128505,0.001204449398556214,4.43551885932227e-05
291.0,0.9981995541595541,0.0015017969825276013,0.00029864885791831976
292.0,0.9984408005622903,0.0014181882655149652,0.00014101117219464883
293.0,0.9986832841537225,0.001162587029243045,0.000154128817034343
294.0,0.9975835647846653,0.0022662146412947034,0.00015022057403998436
295.0,0.998532511106169,0.0012470531262502682,0.00022043576758071812
296.0,0.9978356693164987,0.0021643306835012082,0.0
297.0,0.9978956766671951,0.0018779851426927452,0.00022633819011207138
298.0,0.998642529533945,0.0013574704660550667,0.0
299.0,0.9976311092238952,0.0018635455042795522,0.0005053452718252108
300.0,0.9980250094331382,0.0018577123014365743,0.00011727826542524047
301.0,0.9977147924471937,0.0019603442033877725,0.0003248633494184672
302.0,0.9969856154495293,0.002739266706329122,0.0002751178441414619
303.0,0.9989576571623521,0.0008827558273032405,0.0001595870103446731
304.0,0.9979367625310027,0.0017931024954321736,0.0002701349735650951
305.0,0.9983210860389479,0.001301478007678712,0.00037743595337341664
306.0,0.9982522668602677,0.0014163680040173863,0.00033136513571496235
307.0,0.9976572387250477,0.0020584883188534743,0.0002842729560986734
308.0,0.9982793594436175,0.001499724470402355,0.0002209160859802209
309.0,0.997887868157979,0.001788755699405023,0.00032337614261591463
310.0,0.9978832232908065,0.0016548913068377279,0.0004618854023556676
311.0,0.9975533252775782,0.0021602780167841156,0.00028639670563761725
312.0,0.9975895465093626,0.0019742334388295596,0.0004362200518077377
313.0,0.9975157776369881,0.002193430499950646,0.00029079186306126003
314.0,0.9977143880314474,0.002008273565471695,0.00027733840308087686
315.0,0.9989412314744763,0.0007342802734147981,0.0003244882521089301
316.0,0.9978998255701728,0.0018016152469648079,0.00029855918286233394
317.0,0.9977569331703028,0.0019373087599651602,0.00030575806973197605
318.0,0.997894333281147,0.0018880132606996867,0.00021765345815332756
319.0,0.9980436732232756,0.0016782168656735265,0.00027810991105087083
320.0,0.9970204104728392,0.0028645108391644352,0.0001150786879963023
321.0,0.9970992570969109,0.0026651865979493267,0.00023555630513968098
322.0,0.9968751316343646,0.002508911894211269,0.0006159564714240206
323.0,0.9977324785970174,0.0018571677878946545,0.0004103536150878704
324.0,0.9976775865004286,0.002082355885079081,0.0002400576144922997
325.0,0.9987314685594356,0.0012111844506512992,5.7346989913035586e-05
326.0,0.9970551501715851,0.00258968599360601,0.00035516383480892053
327.0,0.9976802872080625,0.001977720239491985,0.0003419925524456321
328.0,0.9971440863615505,0.0025717869002436595,0.00028412673820575574
329.0,0.9970976379845582,0.0026592278861773877,0.00024313412926444273
330.0,0.9975837587310195,0.002133406966112202,0.0002828343028683136
331.0,0.997614627448262,0.0018854494004273453,0.0004999231513105521
332.0,0.998275864623258,0.0015526060439835104,0.0001715293327583954
333.0,0.9968320503967042,0.0026566815155583475,0.0005112680877373812
334.0,0.997280862611173,0.002177790402473951,0.0005413469863530388
335.0,0.9982864597515643,0.001403440668065992,0.00031009958036967814
336.0,0.9978538483848783,0.001462047520949706,0.0006841040941719502
337.0,0.9978098499323851,0.0015045100343821854,0.0006856400332327889
338.0,0.9969029784338791,0.0025365532089132586,0.0005604683572076562
339.0,0.9970487808914703,0.0021715235895427587,0.0007796955189869519
340.0,0.9969862127321663,0.0020334748813074814,0.0009803123865262569
341.0,0.9963619068467942,0.0027819249320466476,0.0008561682211592434
342.0,0.9971612769150583,0.002155405960252468,0.0006833171246892149
343.0,0.9967735526061469,0.0025598330285930546,0.0006666143652600819
344.0,0.9971172160541492,0.0020540167444150588,0.0008287672014357793
345.0,0.9964386767007478,0.002719939121626864,0.0008413841776252857
346.0,0.9961992463074331,0.0028750779597411153,0.000925675732825886
347.0,0.9968103983019174,0.0024423799543825562,0.0007472217436999601
348.0,0.9966313145846721,0.002809904901427636,0.0005587805139001398
349.0,0.9969212496761012,0.0024426515618765025,0.0006360987620223059
350.0,0.9974642299370917,0.001524935824950447,0.0010108342379577964
351.0,0.9966072095598724,0.0024607140979699817,0.0009320763421575726
352.0,0.9970219212658551,0.002187246086886783,0.0007908326472580522
353.0,0.9964714755350746,0.0027115285617682937,0.0008169959031569319
354.0,0.9973122721132982,0.0022807023335940104,0.0004070255531077055
355.0,0.996794361343797,0.002131718781165132,0.001073919875037852
356.0,0.9951693215861404,0.003887827955137464,0.0009428504587222268
357.0,0.9964813985417545,0.0027612227837256367,0.0007573786745196875
358.0,0.9954479614167909,0.00335125626002211,0.001200782323186944
359.0,0.9972233226197713,0.0022741817480326533,0.0005024956321959356
360.0,0.9959577705630823,0.0028470059917530288,0.0011952234451645624
361.0,0.9969074168795004,0.0022302161324063846,0.0008623669880932057
362.0,0.9961539537846856,0.002483592090527419,0.0013624541247868683
363.0,0.9961063442229046,0.002379468550374936,0.001514187226720385
364.0,0.9966009990374954,0.002080108828244713,0.0013188921342597944
365.0,0.9962442090783787,0.002258619663975081,0.0014971712576461599
366.0,0.9960750918581212,0.002548449174672766,0.0013764589672059506
367.0,0.9961005753374651,0.002772874568954308,0.0011265500935805097
368.0,0.9965700163037724,0.001960739882422583,0.001469243813804965
369.0,0.9957308404871678,0.002830631567369586,0.0014385279454626411
370.0,0.9948118813063549,0.0031199784932237945,0.0020681402004212677
371.0,0.9961450146152047,0.0023979294655062976,0.001457055919288935
372.0,0.9940849823198338,0.003920568706963365,0.0019944489732029104
373.0,0.9962137417628817,0.0019136797350917231,0.0018725785020265312
374.0,0.9946100373236967,0.003420786165828549,0.0019691765104748417
375.0,0.9957783573382577,0.002640637016604932,0.0015810056451373475
376.0,0.9951868854866645,0.002894462261517614,0.0019186522518177657
377.0,0.995658675525906,0.002649864733782634,0.0016914597403112615
378.0,0.995032448593017,0.002564346098629034,0.0024032053083538627
379.0,0.9961537670437017,0.002207415705146555,0.0016388172511516968
380.0,0.9960290820336062,0.002129620368083726,0.001841297598310066
381.0,0.9956638637150447,0.002174259316288682,0.0021618769686665936
382.0,0.9957117035339468,0.002401567813815935,0.0018867286522373167
383.0,0.9947864098456594,0.002860094912831937,0.0023534952415086158
384.0,0.995768610830239,0.0026141007555250035,0.0016172884142358955
385.0,0.9952210957217663,0.0025953475160445613,0.002183556762189039
386.0,0.9954603801357926,0.0022149411924844717,0.0023246786717228706
387.0,0.9950187096615031,0.0023476940429256773,0.002633596295571268
388.0,0.9946725654056545,0.0036216744760923505,0.0017057601182531267
389.0,0.9946828297856338,0.0026815441749308104,0.002635626039435207
390.0,0.9950019582838834,0.0027418483738092685,0.00225619334230725
391.0,0.9955013640295817,0.0024851946888899846,0.002013441281528284
392.0,0.9954165778746195,0.002298255313415521,0.002285166811965014
393.0,0.9948486367133736,0.0027669750470667685,0.0023843882395596034
394.0,0.9949563430699014,0.002844143350225788,0.002199513579872723
395.0,0.9947290948722055,0.0023977568897008716,0.0028731482380935608
396.0,0.9950711153144165,0.002606866421322125,0.0023220182642612903
397.0,0.9936498941262932,0.003139399184848108,0.0032107066888587966
398.0,0.9937527103173874,0.0030192611476060867,0.003228028535006367
399.0,0.9936626896950184,0.002384980363273538,0.003952329941707965
400.0,0.9952720963502317,0.002311599834556255,0.00241630381521192
401.0,0.9936052461498883,0.0031151470757804717,0.003279606774331135
402.0,0.9927506622722826,0.003534725145306023,0.003714612582411472
403.0,0.9930231157544968,0.003498403779900948,0.0034784804656023106
404.0,0.9933949050795622,0.002530855281729184,0.004074239638708577
405.0,0.992298481953019,0.003227793373910011,0.004473724673070883
406.0,0.993378993513722,0.002663592375557148,0.003957414110720768
407.0,0.992835273779859,0.002786478687208431,0.004378247532932428
408.0,0.9928339318649917,0.0028457261098039596,0.004320342025204245
409.0,0.9914505998129254,0.0026235871945740233,0.005925812992500494
410.0,0.9923038801447752,0.002948900177671599,0.004747219677553265
411.0,0.9904065860984569,0.0031056246168251265,0.006487789284717878
412.0,0.9924819956087965,0.0026528449345193696,0.004865159456684125
413.0,0.9890064481953131,0.003638136467227722,0.0073554153374592824
414.0,0.991185626390098,0.002763577223152738,0.0060507963867491845
415.0,0.9882103035711771,0.003965819303930528,0.007823877124892404
416.0,0.988155152472141,0.0036564652162365016,0.00818838231162258
417.0,0.9881925716405298,0.002980017966420878,0.008827410393049306
418.0,0.9868288709130291,0.0036070658541584332,0.009564063232812593
419.0,0.9876994467439805,0.00308832927738176,0.00921222397863775
420.0,0.9865274995423243,0.003421043033720353,0.010051457423955487
421.0,0.9855598659416528,0.002761730889507948,0.011678403168839129
422.0,0.984158293764745,0.003630034152432711,0.01221167208282239
423.0,0.9844114620209179,0.0032558679595347632,0.012332670019547399
424.0,0.983473617440418,0.0033829803024635293,0.013143402257118564
425.0,0.9827307172264325,0.003333990446017003,0.01393529232755061
426.0,0.9823069621413337,0.002702872611191897,0.014990165247474277
427.0,0.9799501254020633,0.0038445268973407937,0.016205347700595986
428.0,0.981425414251716,0.00301218279240547,0.01556240295587856
429.0,0.98098532380589,0.0031431763372687846,0.015871499856841293
430.0,0.9785417774760428,0.003582957638146985,0.017875264885810285
431.0,0.9807749689237472,0.003219450749696161,0.01600558032655665
432.0,0.9764583849700975,0.0033980627246438695,0.020143552305258786
433.0,0.9778169444429413,0.0020786462657214405,0.020104409291337166
434.0,0.975609146385197,0.003686116589646514,0.02070473702515665
435.0,0.9769136164145547,0.0037128449160691132,0.019373538669376248
436.0,0.9743861247461348,0.0037249756161245504,0.021888899637740638
437.0,0.9751672155717916,0.0036670771715723357,0.021165707256636027
438.0,0.9771831705012065,0.003243875984298527,0.019572953514495086
439.0,0.9770336072405392,0.0020571818767913075,0.020909210882669362
440.0,0.9744062237744925,0.0030867224915604526,0.02250705373394713
441.0,0.9727314496265365,0.0033655824144938613,0.023902967958969772
442.0,0.9724859823358434,0.002349220102374979,0.0251647975617815
443.0,0.9730393634819746,0.0032110392447211454,0.02374959727330438
444.0,0.9664091462811316,0.0042278864598930535,0.029362967258975338
445.0,0.9667547973194429,0.0036004815595159375,0.02964472112104117
446.0,0.9675755014509438,0.002476901682599077,0.02994759686645694
447.0,0.9632165336823995,0.004691616399313757,0.0320918499182869
448.0,0.9657959447091589,0.004500241698914644,0.029703813591926444
449.0,0.9642459676145783,0.0033569946120150062,0.03239703777340671
450.0,0.9625324126221941,0.0022802134547824315,0.035187373923023395
451.0,0.958463618842116,0.0035323385215334305,0.038004042636350585
452.0,0.9605570324918453,0.0024903865615443534,0.03695258094661032
453.0,0.9589181395466773,0.0037541507560897975,0.03732770969723295
454.0,0.9581730195607221,0.0040745394713979964,0.03775244096787999
455.0,0.9565977567316484,0.003227598287037567,0.04017464498131416
456.0,0.9570685098535537,0.0037948729934221504,0.03913661715302423
457.0,0.9514880359120815,0.0044710463749798365,0.04404091771293869
458.0,0.9530708035986089,0.00429934445486346,0.04262985194652762
459.0,0.9534793713003157,0.00423478374290723,0.042285844956777056
460.0,0.9514088676325573,0.003272436708448744,0.0453186956589941
461.0,0.9523896345607784,0.002953181092306461,0.04465718434691514
462.0,0.9482684249060492,0.0035932310734272726,0.04813834402052363
463.0,0.9487882949455801,0.003363695842959819,0.047848009211460096
464.0,0.9429003688149723,0.00421452878265788,0.052885102402369856
465.0,0.9448116346149863,0.004838619284658229,0.050349746100355496
466.0,0.9501242464933359,0.003509892274562093,0.046365861232102075
467.0,0.9418283997528533,0.0037167674887117062,0.0544548327584352
468.0,0.9463996524059094,0.0050537770237272465,0.04854657057036338
469.0,0.9410276607875941,0.004560306853320161,0.05441203235908574
470.0,0.9408046151840929,0.003887123879829628,0.05530826093607745
471.0,0.9454973414493694,0.0042481696484128325,0.0502544889022179
472.0,0.9356040966255506,0.0038845492606293126,0.060511354113820304
473.0,0.9359267295217722,0.003517103611599422,0.06055616686662846
474.0,0.9417869782063322,0.0022480885967332454,0.055964933196934526
475.0,0.9346322507602464,0.0037132146941491213,0.06165453454560463
476.0,0.9275584782758007,0.005072401200557934,0.06736912052364125
477.0,0.9294730665929344,0.0037711625218857037,0.06675577088517987
478.0,0.929952692305568,0.004570456006018185,0.06547685168841386
479.0,0.928132821041895,0.004215104425650989,0.06765207453245417
480.0,0.9287602715941821,0.003853913001092798,0.06738581540472517
481.0,0.9207146914438146,0.004445704929137968,0.07483960362704749
482.0,0.9237896086599686,0.005088013772189883,0.0711223775678416
483.0,0.9199775225090819,0.004997413666891497,0.07502506382402667
484.0,0.921226315445428,0.0032478372725576804,0.07552584728201447
485.0,0.9149157809596505,0.004008562374587384,0.08107565666576226
486.0,0.9166624007061621,0.004387538250229086,0.07895006104360885
487.0,0.9140347942675292,0.00437279772192854,0.08159240801054234
488.0,0.9167426477666926,0.004595374263095393,0.07866197797021217
489.0,0.9173766646379852,0.00421830098263434,0.0784050343793806
490.0,0.9119757201240144,0.004317970847576262,0.08370630902840945
491.0,0.9103059345180007,0.004903253053809676,0.08479081242818974
492.0,0.900890177635738,0.0034743010775321634,0.09563552128672993
493.0,0.9099125490257447,0.0030515000061683865,0.08703595096808707
494.0,0.9032167913760053,0.0036450356471908877,0.09313817297680388
495.0,0.8970488806985984,0.0037352356252801397,0.09921588367612155
496.0,0.892140345342129,0.004123138560335856,0.10373651609753513
497.0,0.8996891757005994,0.00410907767410768,0.09620174662529306
498.0,0.8979969964377954,0.003330135111063017,0.09867286845114158
499.0,0.9004907515942719,0.00514821539844535,0.09436103300728271
500.0,0.8809198168259484,0.004736356719723839,0.11434382645432772
501.0,0.8972092644796339,0.003428495652954792,0.09936223986741131
502.0,0.8911914880534771,0.005179967881437314,0.10362854406508558
503.0,0.879036570815237,0.0028976197371531984,0.1180658094476097
504.0,0.8773863571689158,0.004895254282923233,0.11771838854816105
505.0,0.8815447876639736,0.004698210944420696,0.11375700139160577
506.0,0.8729441975267986,0.0036454016072389713,0.12341040086596244
507.0,0.880466931344905,0.0035955262693835232,0.11593754238571148
508.0,0.8722031420550954,0.004029199586141552,0.12376765835876313
509.0,0.8690552431284135,0.003911060018699613,0.12703369685288685
510.0,0.868229812156885,0.004131697671684874,0.12763849017143017
511.0,0.8646039589841448,0.004943046230423162,0.13045299478543207
512.0,0.8586549365151986,0.004850244106120794,0.13649481937868058
513.0,0.8583539527018853,0.005195979722773604,0.1364500675753411
514.0,0.8593537173561497,0.004844603357920635,0.1358016792859296
515.0,0.8509954711588416,0.004477747469459869,0.14452678137169866
516.0,0.8526912614382581,0.004557309242217672,0.1427514293195242
517.0,0.8478142426241768,0.006083126448076732,0.14610263092774653
518.0,0.8400282211453052,0.005424049402015722,0.1545477294526791
519.0,0.8249655952203269,0.0065095759522233775,0.16852482882744985
520.0,0.8401487009524443,0.005172711965197782,0.1546785870823579
521.0,0.8446285894847909,0.004037230737801628,0.15133417977740746
522.0,0.8278556040118905,0.004856419702881444,0.16728797628522799
523.0,0.8281670296793711,0.004600222435904518,0.16723274788472445
524.0,0.8105461824039691,0.004749121551393502,0.18470469604463746
525.0,0.8205464557596204,0.004410496175360834,0.1750430480650189
526.0,0.815102217272736,0.005560273495039854,0.17933750923222425
527.0,0.8000785372139735,0.005850319070791162,0.19407114371523532
528.0,0.8142448260229561,0.0055406249310936,0.1802145490459503
529.0,0.8015741586438436,0.0056776779201687605,0.19274816343598755
530.0,0.78751884427218,0.005437332223623609,0.20704382350419648
531.0,0.8034420132609972,0.004450239570508372,0.19210774716849446
532.0,0.7940041624485962,0.005332449545412014,0.2006633880059918
533.0,0.7869092649617331,0.005479203961114472,0.2076115310771524
534.0,0.7758062348498453,0.005025847204324763,0.21916791794582988
535.0,0.7754190008333215,0.004684098818110274,0.2198969003485683
536.0,0.7896628696992083,0.005188609425652269,0.20514852087513938
537.0,0.7792507455506337,0.004915940970483203,0.21583331347888315
538.0,0.7755272857920517,0.005463055324112262,0.21900965888383608
539.0,0.7713190398508004,0.004561784458059355,0.22411917569114023
540.0,0.7533308417745501,0.004819278844739958,0.2418498793807099
541.0,0.7594221073140396,0.0032762587594718125,0.23730163392648865
542.0,0.7648527297192426,0.006235930713276172,0.2289113395674813
543.0,0.7759335657286399,0.004210138877246456,0.21985629539411364
544.0,0.7584169428047844,0.004873271540816276,0.23670978565439926
545.0,0.7558210046492472,0.005051625485419749,0.23912736986533312
546.0,0.7435686578541421,0.004748946033950463,0.25168239611190746
547.0,0.7438522230682421,0.005300093208469483,0.25084768372328853
548.0,0.7463166660907915,0.005941709775773489,0.24774162413343506
549.0,0.7274532924275285,0.005424703240154265,0.2671220043323172
550.0,0.739274791917212,0.005013699080901345,0.2557115090018867
551.0,0.7220946150473044,0.005437277041568873,0.27246810791112663
552.0,0.7253384227904254,0.006566856360592243,0.26809472084898234
553.0,0.7009724527011894,0.0077288367124351024,0.2912987105863754
554.0,0.7273941938510107,0.004321228142600491,0.2682845780063887
555.0,0.7199725563899204,0.004676359806040162,0.27535108380403944
556.0,0.7223214403662664,0.005717907314263266,0.2719606523194703
557.0,0.7094731162849128,0.004852886920736688,0.28567399679435057
558.0,0.7014787811236717,0.004286157432920195,0.2942350614434081
559.0,0.6882134640931517,0.005638758346985748,0.30614777755986256
560.0,0.707824893563925,0.004982379283069098,0.287192727153006
561.0,0.7091001152636849,0.004333598820316704,0.2865662859159985
562.0,0.6869335090991038,0.0060761730948030454,0.30699031780609315
563.0,0.6843005738366874,0.005904794043246631,0.3097946321200659
564.0,0.6988359019017714,0.004697679125586245,0.2964664189726424
565.0,0.69237923607152,0.005163151950002193,0.3024576119784778
566.0,0.6750427246004871,0.00566349514736485,0.319293780252148
567.0,0.6682289126916386,0.004848900885570065,0.32692218642279136
568.0,0.6634332339238551,0.005854037821966765,0.3307127282541782
569.0,0.650883526184901,0.005181712044280214,0.34393476177081894
570.0,0.6613686545514511,0.005813480026059051,0.3328178654224898
571.0,0.6772703015525887,0.005053534531132566,0.31767616391627873
572.0,0.6617102297931814,0.005639371002479509,0.3326503992043391
573.0,0.6561271749530816,0.006708803671967685,0.3371640213749506
574.0,0.6679636784074284,0.006467927908108111,0.3255683936844634
575.0,0.6618392615885523,0.005233900811245555,0.3329268376002021
576.0,0.6493768735024956,0.005604320502108647,0.3450188059953958
577.0,0.6472627946429942,0.005232526283471936,0.3475046790735338
578.0,0.6332642635424287,0.005792718385315661,0.36094301807225565
579.0,0.6315587014376585,0.006384479394195874,0.3620568191681456
580.0,0.6523063567743048,0.006821917608104762,0.3408717256175903
581.0,0.6532979248101366,0.00521782821860976,0.3414842469712537
582.0,0.6319784099052409,0.006723105677190774,0.36129848441756823
583.0,0.6287200560326227,0.007165970550752583,0.3641139734166247
584.0,0.6209021568930745,0.005307428070893404,0.37379041503603205
585.0,0.6197326439176155,0.004645902253215118,0.37562145382916934
586.0,0.6376181721179701,0.005898824230981395,0.35648300365104846
587.0,0.6170947504867227,0.005537333784902397,0.3773679157283749
588.0,0.6248323717691315,0.006743860310405944,0.36842376792046244
589.0,0.6340821256981604,0.00533882017246752,0.3605790541293721
590.0,0.6371107405732536,0.005948599859269576,0.356940659567477
591.0,0.6476568306998359,0.005538365584477117,0.346804803715687
592.0,0.6297528053452593,0.006190493040009388,0.36405670161473125
593.0,0.5950904736005036,0.00629174856624307,0.3986177778332533
594.0,0.6132458422848309,0.005934923722734483,0.38081923399243456
595.0,0.5867996124653279,0.0073452570802992065,0.4058551304543729
596.0,0.6170609600216463,0.006266930165786185,0.3766721098125674
597.0,0.6305841424672028,0.005422922546385929,0.36399293498641117
598.0,0.6177282282071813,0.005854229506851576,0.376417542285967
599.0,0.5879106724228217,0.006988544219376614,0.40510078335780175
600.0,0.5866743314877033,0.005875282837811496,0.4074503856744851
601.0,0.5966189532317795,0.005865547330598341,0.39751549943762216
602.0,0.5778374675926612,0.006784507221297326,0.4153780251860414
603.0,0.5981815565736955,0.0056302851047348845,0.39618815832156956
604.0,0.5692022255952591,0.007514850168787021,0.4232829242359539
605.0,0.5772013136174093,0.007187966928930056,0.4156107194536607
606.0,0.5907900181053805,0.00549257596300888,0.4037174059316106
607.0,0.5782786387579504,0.006402932773093459,0.41531842846895617
608.0,0.585669080712238,0.0061437459241034265,0.4081871733636586
609.0,0.5722307275157507,0.006354284525967424,0.421414987958282
610.0,0.5736942637268393,0.006413056180793898,0.4198926800923667
611.0,0.5257961416393958,0.0063261452218410985,0.4678777131387631
612.0,0.5820586013604138,0.006717024029782742,0.41122437460980366
613.0,0.5717265428907177,0.007599565541169953,0.4206738915681124
614.0,0.5697053287811227,0.006882875076176772,0.4234117961427006
615.0,0.5572624830584472,0.0071920174328992375,0.4355454995086536
616.0,0.5489208701989995,0.006552151936494274,0.4445269778645064
617.0,0.5206370496020183,0.0077708286557458236,0.47159212174223586
618.0,0.5480100269673629,0.006516723465542645,0.44547324956709444
619.0,0.5312190559916714,0.0069295935796988475,0.4618513504286299
620.0,0.5613795863867416,0.005842636566070411,0.4327777770471879
621.0,0.5485300346121713,0.005967558860708444,0.4455024065271203
622.0,0.5451435521763628,0.006866853243695207,0.44798959457994203
623.0,0.5434074278920016,0.007639491412340356,0.448953080695658
624.0,0.5417523485491237,0.00623488366875083,0.4520127677821256
625.0,0.5321534341658067,0.00787560804528263,0.4599709577889106
626.0,0.5419776388593006,0.0060755926068451985,0.4519467685338542
627.0,0.5270307102455737,0.0068255911966667695,0.4661436985577596
628.0,0.5250407637731319,0.006677300070375423,0.46828193615649283
629.0,0.5162242585800071,0.007342300866702266,0.4764334405532907
630.0,0.5352792916614809,0.006789637632776414,0.4579310707057428
631.0,0.5132780377178496,0.006210631447735887,0.4805113308344145
632.0,0.5214645905898254,0.006737685188215644,0.4717977242219588
633.0,0.49059551798767403,0.007585693893762842,0.5018187881185633
634.0,0.5164646146644938,0.0073718195406071,0.4761635657948991
635.0,0.519566371688048,0.007401389409707075,0.47303223890224483
636.0,0.4975441538885988,0.006925789236763409,0.4955300568746378
637.0,0.5180963604121175,0.00803557914400916,0.4738680604438733
638.0,0.4756340709470353,0.007404748610549702,0.5169611804424151
639.0,0.5018353255482857,0.008607161192596819,0.48955751325911745
640.0,0.510543315736588,0.007976231591612929,0.48148045267179923
641.0,0.5152351716572505,0.007639717666995232,0.4771251106757543
642.0,0.5121814320210755,0.0057989916070763465,0.48201957637184817
643.0,0.49597035806125894,0.007391915122669696,0.49663772681607127
644.0,0.4893457938413867,0.007688645282170576,0.5029655608764427
645.0,0.5172209743400014,0.005932686969428482,0.47684633869057036
646.0,0.5051031052149273,0.007077784376393426,0.4878191104086793
647.0,0.5112709545332872,0.006107479026467651,0.48262156644024506
648.0,0.47649227901295227,0.008112840097358753,0.515394880889689
649.0,0.4994591010390522,0.00799531198390375,0.49254558697704404
650.0,0.4781469182294141,0.007708240729368508,0.5141448410412174
651.0,0.4672529558116621,0.0080140263222688,0.5247330178660692
652.0,0.48009420139254433,0.007215898455454486,0.5126899001520011
653.0,0.4665065574962941,0.007305465913382323,0.5261879765903235
654.0,0.47987863065587766,0.008115460967283439,0.5120059083768389
655.0,0.46646417518935596,0.0070920162383870024,0.526443808572257
656.0,0.46592979650014305,0.006816978836061286,0.5272532246637956
657.0,0.462226915419054,0.00667911816502504,0.531093966415921
658.0,0.469228264490411,0.00759128680840707,0.523180448701182
659.0,0.45862345976531815,0.007808180307075695,0.5335683599276062
660.0,0.47922272684667533,0.007506982808337867,0.5132702903449868
661.0,0.46415215739501475,0.007388120848267417,0.5284597217567177
662.0,0.4474211587002026,0.007587660502603472,0.5449911807971939
663.0,0.4557566280921552,0.00838742149188132,0.5358559504159635
664.0,0.4622254079079982,0.009156047250488535,0.5286185448415133
665.0,0.44839099074950317,0.007804451459505587,0.5438045577909913
666.0,0.4907775113141169,0.006839222468616809,0.5023832662172664
667.0,0.4220343255845704,0.007896507336573814,0.5700691670788557
668.0,0.44212185381599445,0.007582993601349892,0.5502951525826555
669.0,0.4328750676029174,0.008052616931585993,0.5590723154654967
670.0,0.4422516608007167,0.008228984024776072,0.5495193551745072
671.0,0.4163902779596063,0.00842950261020861,0.575180219430185
672.0,0.4396422396855498,0.0075404648325892235,0.552817295481861
673.0,0.44371760541432104,0.00819151790725162,0.5480908766784274
674.0,0.4408102046743339,0.008057172014434677,0.5511326233112313
675.0,0.4369584071824624,0.008788436335922212,0.5542531564816152
676.0,0.42367098087576593,0.008136275753931731,0.5681927433703023
677.0,0.416776228201337,0.008499137855242214,0.5747246339434208
678.0,0.4256952878711899,0.006803442682343309,0.5675012694464668
679.0,0.41905080914964565,0.00729786742593903,0.5736513234244154
680.0,0.38737984142384446,0.00980656569711828,0.6028135928790372
681.0,0.44276353572201493,0.009272672856809244,0.5479637914211758
682.0,0.4108402270816602,0.008815107124085775,0.580344665794254
683.0,0.39926187039893174,0.008637997721541588,0.5921001318795267
684.0,0.4201693997734162,0.008313091919283805,0.5715175083072999
685.0,0.3981409970406174,0.009835521172668548,0.5920234817867142
686.0,0.4188169636177386,0.009102480630022199,0.572080555752239
687.0,0.3966786336984615,0.008197084715978667,0.5951242815855597
688.0,0.443170587416042,0.00791122492974426,0.5489181876542136
689.0,0.4021132694370706,0.009397222210511194,0.5884895083524182
690.0,0.4183376103724966,0.007942872336546102,0.5737195172909574
691.0,0.39528473326135827,0.008323013217352074,0.5963922535212897
692.0,0.39338912689756733,0.008757539298288914,0.5978533338041437
693.0,0.416606520507619,0.00767076569960279,0.5757227137927782
694.0,0.38328983967808433,0.009517090783405053,0.6071930695385106
695.0,0.38005065000488353,0.009611859806669404,0.6103374901884472
696.0,0.40849267687039276,0.010233785927999483,0.5812735372016078
697.0,0.4092287846599796,0.00868255581253475,0.5820886595274857
698.0,0.39232695643697507,0.008384476727462842,0.5992885668355621
699.0,0.3714985141384999,0.009996988373114957,0.6185044974883851
700.0,0.40489995737164824,0.0074907907342029794,0.5876092518941488
701.0,0.3570878266271549,0.010291471034346803,0.6326207023384982
702.0,0.3896552239080414,0.008769943040140867,0.6015748330518177
703.0,0.39246245252962747,0.009114711801966567,0.598422835668406
704.0,0.40423921038348226,0.008340372607965206,0.5874204170085526
705.0,0.3482062384736814,0.009321116763547452,0.6424726447627712
706.0,0.3681539976405289,0.009756067750464508,0.6220899346090066
707.0,0.3608034012948528,0.010456044244577339,0.6287405544605699
708.0,0.35226417227171325,0.010497989462362509,0.6372378382659243
709.0,0.3568357045569075,0.009532377532515705,0.6336319179105768
710.0,0.3625653270023783,0.00866336712868474,0.6287713058689369
711.0,0.386824466587516,0.009226195972609517,0.6039493374398744
712.0,0.38223055788586674,0.010065955401886865,0.6077034867122465
713.0,0.3604183915942325,0.008861274644681574,0.6307203337610859
714.0,0.3388815485724464,0.009924744604401403,0.6511937068231521
715.0,0.3687025182305043,0.009446268139681082,0.6218512136298147
716.0,0.36805531020539645,0.009853894595614698,0.6220907951989888
717.0,0.36589632781336356,0.007896824008686397,0.62620684817795
718.0,0.3158921977742999,0.010947103320080701,0.6731606989056194
719.0,0.3575441310139301,0.009224761930534465,0.6332311070555354
720.0,0.3739749014593352,0.009120162613694471,0.6169049359269703
721.0,0.35185748254891175,0.010169341269690981,0.6379731761813973
722.0,0.37233641293003084,0.009591737683133128,0.6180718493868361
723.0,0.34764797160872446,0.010691625858412612,0.641660402532863
724.0,0.34552251323580335,0.010306405189764055,0.6441710815744326
725.0,0.3686800406558936,0.00932386546414956,0.6219960938799568
726.0,0.3580603459350964,0.009603560067496016,0.6323360939974076
727.0,0.32874304643013247,0.009354014730549073,0.6619029388393185
728.0,0.37449649517980316,0.010072629949158286,0.6154308748710386
729.0,0.3328312861819106,0.01079143195694052,0.6563772818611489
730.0,0.31995024087954355,0.009550506053936736,0.6704992530665198
731.0,0.3502347162565104,0.00970168798636591,0.6400635957571236
732.0,0.35669218278041664,0.009768678210604355,0.633539139008979
733.0,0.3384767949743058,0.010383117855425922,0.6511400871702683
734.0,0.31504561469727144,0.010651801776556249,0.6743025835261723
735.0,0.3196103181753373,0.011067426397471387,0.6693222554271913
736.0,0.3186405381535491,0.010414663401072947,0.670944798445378
737.0,0.32899559473558054,0.01073371453189499,0.6602706907325245
738.0,0.32559578577359005,0.01142266171518195,0.662981552511228
739.0,0.32212055384014315,0.011353732680220215,0.6665257134796367
740.0,0.29681989170780143,0.011703744660352072,0.6914763636318465
741.0,0.3330411301251514,0.011078031937684604,0.655880837937164
742.0,0.2862694259984086,0.008970541222206392,0.704760032779385
743.0,0.33073939338955194,0.010145765239996682,0.6591148413704514
744.0,0.32663495707993767,0.010807852752748174,0.6625571901673141
745.0,0.3132643957118868,0.011151327235522665,0.6755842770525905
746.0,0.2936890792576099,0.011112929109928612,0.6951979916324614
747.0,0.3125723451168546,0.010070743576897068,0.6773569113062483
748.0,0.30821400144369193,0.010267603778789977,0.6815183947775181
749.0,0.3341040476907825,0.010481135991717228,0.6554148163175002
750.0,0.3263801816439917,0.011098798966971135,0.6625210193890373
751.0,0.2982263479396624,0.010535350800234359,0.6912383012601031
752.0,0.3139019614762352,0.010374354229412875,0.675723684294352
753.0,0.30338886658465597,0.009911492194055457,0.6866996412212886
754.0,0.29462892913104477,0.011557521248049141,0.6938135496209061
755.0,0.3041668069205891,0.011910226661706472,0.6839229664177046
756.0,0.2814061893837235,0.011421875448363716,0.7071719351679128
757.0,0.28405726699483497,0.011049829019378092,0.7048929039857869
758.0,0.29836484352594,0.012271738278017967,0.689363418196042
759.0,0.2739725699890424,0.012344409828380021,0.7136830201825776
760.0,0.2876730954909834,0.01136312034248943,0.700963784166527
761.0,0.3124332235705911,0.012479715526606535,0.6750870609028025
762.0,0.2755827224811056,0.01165399442252928,0.712763283096365
763.0,0.26650303984489804,0.009907853329965457,0.7235891068251366
764.0,0.3033835127059755,0.011893580744109535,0.684722906549915
765.0,0.2880374179431581,0.012460100330849338,0.6995024817259925
766.0,0.28321638695817974,0.013051593150289368,0.7037320198915309
